47 0.615413 0.545407 0.046967 0.054212
47 0.511759 0.390243 0.036373 0.047136
47 0.267197 0.795613 0.038062 0.058049
47 0.831137 0.617233 0.046751 0.052433
47 0.309327 0.540352 0.033264 0.044133
47 0.539196 0.267901 0.042693 0.045411
47 0.297573 0.537768 0.055477 0.044537
47 0.730156 0.445777 0.026440 0.047450
47 0.462047 0.133804 0.027541 0.035039
47 0.607493 0.661820 0.063729 0.063741
47 0.147596 0.762998 0.027188 0.052252
47 0.483306 0.052404 0.029606 0.034098
47 0.260469 0.795676 0.045292 0.054417
47 0.570690 0.132230 0.029078 0.042771