47 0.074617 0.820087 0.149051 0.183997
47 0.783456 0.819096 0.172140 0.162461
47 0.823353 0.492241 0.270685 0.211522
47 0.643149 0.797528 0.190127 0.157132
47 0.633862 0.384634 0.211193 0.160102
47 0.625396 0.591570 0.171572 0.154775
47 0.355248 0.158669 0.179608 0.143177
47 0.413152 0.903948 0.151266 0.137903
47 0.511551 0.140222 0.191820 0.145622
47 0.374121 0.052101 0.206764 0.104203
47 0.683250 0.092283 0.200724 0.155636
47 0.646817 0.700849 0.180931 0.082988
47 0.505278 0.809971 0.198377 0.183055
47 0.288230 0.326925 0.177682 0.144721
47 0.211935 0.134870 0.215164 0.193214
47 0.223146 0.624122 0.218152 0.141321
47 0.742198 0.225459 0.197731 0.156189
47 0.449021 0.394224 0.193780 0.155888