47 0.288585 0.661400 0.122922 0.157223
47 0.542626 0.518086 0.690492 0.886086
47 0.490649 0.347418 0.092644 0.119450
47 0.437669 0.440728 0.095545 0.124926
47 0.261610 0.524149 0.115148 0.128054
45 0.580753 0.491466 0.838495 0.980819
47 0.702775 0.519204 0.106487 0.137968
47 0.516260 0.768294 0.095860 0.122979
47 0.477064 0.655609 0.097450 0.121865
47 0.746936 0.235828 0.108490 0.145455
47 0.330084 0.252952 0.104033 0.141602
47 0.804625 0.422981 0.110455 0.135348
47 0.604003 0.554030 0.097090 0.128155
47 0.292704 0.422349 0.142285 0.189170
45 0.507356 0.595306 0.805377 0.803962
47 0.342366 0.772041 0.078922 0.139295