47 0.224942 0.275503 0.166529 0.113970
47 0.663965 0.321110 0.112294 0.122671
47 0.182953 0.401202 0.157380 0.114026
47 0.650780 0.621423 0.138754 0.111042
47 0.269654 0.645186 0.121731 0.099479
47 0.714447 0.536085 0.157711 0.107143
47 0.350400 0.691804 0.119917 0.092665
50 0.398757 0.882056 0.136133 0.094705
47 0.827380 0.422820 0.150241 0.082205
47 0.798338 0.511594 0.070843 0.063846
47 0.399018 0.594174 0.113188 0.058025
47 0.127806 0.268991 0.050583 0.081510
47 0.450068 0.521731 0.095356 0.087553
50 0.531728 0.929259 0.287225 0.140704
47 0.192203 0.524292 0.093019 0.080155
47 0.773839 0.585741 0.052812 0.045286