47 0.594878 0.094713 0.163679 0.137762
47 0.423665 0.316679 0.175919 0.134374
47 0.265244 0.430987 0.186497 0.133185
47 0.260640 0.562019 0.184675 0.132115
47 0.564735 0.570015 0.191754 0.143227
47 0.373617 0.788812 0.196577 0.156537
47 0.384936 0.930438 0.219942 0.138201
47 0.846497 0.075953 0.296382 0.151906
47 0.339772 0.213276 0.163007 0.118479
49 0.872143 0.076175 0.238485 0.152349
47 0.694109 0.175164 0.132077 0.104499
47 0.629697 0.283368 0.181701 0.153447
46 0.248792 0.286041 0.182379 0.159577
47 0.468096 0.444650 0.198301 0.143152
47 0.650647 0.777294 0.168756 0.129148
47 0.406480 0.634628 0.177407 0.129700